1589.00 
1903.30 
969.10 
359.00 
4181.50 
3274.20 
2387.40 
4853.40 
478.40 
523.30 
2781.90 
3453.40 
614.70 
6797.10 
482.30 
1875.60 
897.30 
2455.10 
1109.90 
3077.90 
5598.10 
3165.80 
1966.70 
3587.00 
2597.00 
8891.10 
866.00 
526.00 
8048.10 
2738.10 
1003.50 
3035.30 
1935.70 
2274.20 
6593.90 
2165.10 
2950.50 
2704.60 
638.40 
626.40 
3279.30 
2688.60 
2101.10 
903.40 
2226.50 
3837.90 
734.40 
3229.60 
3451.00 
2248.70 
2317.20 
3485.60 
4387.90 
2407.80 
2499.10 
3084.00 
1795.90 
767.50 
7606.10 
238.40 
3785.30 
4005.80 
8872.60 
4148.40 
1810.80 
553.60 
1052.10 
2898.70 
2082.50 
1055.20 
1612.00 
1248.70 
654.90 
4717.50 
4055.90 
1622.40 
4298.10 
897.80 
2090.60 
1868.10 
579.70 
1114.30 
1407.40 
1793.00 
1067.10 
3728.00 
780.70 
3680.90 
208.50 
3009.60 
2375.70 
1224.90 
658.00 
6022.80 
6045.40 
