335.00 
223.30 
297.60 
262.20 
218.70 
332.20 
228.00 
274.60 
326.20 
284.50 
243.90 
235.30 
249.30 
280.30 
311.30 
278.20 
271.00 
249.40 
290.50 
304.40 
234.90 
225.30 
286.30 
276.50 
251.30 
275.90 
266.10 
225.70 
361.60 
259.10 
252.40 
321.40 
245.90 
285.70 
250.20 
337.80 
249.50 
248.10 
260.90 
332.80 
307.10 
271.70 
272.80 
269.00 
273.50 
252.70 
278.10 
290.90 
263.30 
278.10 
250.00 
262.20 
227.20 
295.40 
282.10 
332.70 
284.70 
225.70 
211.50 
295.00 
295.10 
303.90 
266.50 
312.40 
377.20 
257.90 
231.60 
262.90 
294.80 
253.20 
253.20 
259.70 
277.40 
235.10 
319.90 
258.90 
286.70 
299.10 
238.90 
240.40 
305.90 
271.50 
279.60 
330.40 
251.30 
276.10 
257.00 
239.50 
245.10 
280.70 
296.00 
281.00 
298.70 
270.70 
253.30 
228.40 
317.30 
328.90 
285.00 
313.00 
