3185.20 
2740.70 
3536.10 
1208.50 
1998.70 
423.30 
498.00 
2151.20 
6056.50 
1883.90 
2122.90 
1094.30 
3764.00 
2191.40 
3291.30 
7868.40 
1174.30 
1806.50 
1340.10 
2135.00 
1448.00 
1696.90 
2512.30 
3673.10 
3806.10 
1412.60 
5305.70 
1065.80 
675.30 
2475.10 
1730.30 
2937.50 
650.40 
3591.10 
2177.50 
457.70 
1950.10 
3969.70 
990.70 
3168.40 
4641.50 
1163.80 
960.10 
1504.30 
2309.90 
1031.40 
840.90 
2684.80 
2793.60 
2164.50 
2814.30 
1480.10 
4016.40 
940.50 
5504.60 
828.40 
5549.80 
2642.70 
783.20 
1245.60 
2001.00 
5992.10 
3468.30 
3848.80 
771.40 
9753.30 
1760.00 
1876.80 
1157.30 
3150.70 
1289.70 
691.00 
3075.20 
4453.50 
2641.20 
2994.40 
1014.20 
2142.50 
1738.40 
3355.80 
2609.20 
3016.90 
3418.90 
649.40 
3555.20 
8664.20 
2770.10 
897.70 
2172.40 
7693.40 
6261.70 
1743.20 
975.70 
1080.30 
636.00 
805.40 
3017.30 
