237.90 
232.10 
244.50 
265.50 
238.40 
232.40 
216.20 
193.00 
238.60 
212.00 
225.20 
231.70 
237.00 
295.10 
259.00 
210.10 
197.20 
217.60 
283.90 
218.60 
245.10 
210.00 
227.10 
250.80 
294.10 
256.70 
226.00 
228.70 
250.20 
273.30 
203.50 
217.60 
241.20 
265.70 
211.80 
245.30 
213.00 
227.80 
277.60 
284.90 
267.00 
279.30 
271.10 
209.10 
234.70 
251.30 
207.60 
257.40 
233.10 
229.10 
274.20 
239.40 
190.50 
253.90 
298.30 
266.70 
252.60 
264.70 
231.60 
211.20 
229.80 
289.60 
232.70 
195.50 
275.60 
240.70 
231.80 
259.70 
216.70 
246.10 
215.80 
224.70 
266.30 
253.50 
227.60 
300.50 
270.30 
222.60 
225.50 
251.70 
237.80 
221.50 
239.40 
220.90 
274.80 
233.50 
258.00 
206.70 
237.20 
216.70 
248.40 
180.90 
228.40 
232.90 
218.40 
230.50 
226.20 
230.30 
215.80 
247.40 
