213.20 
244.20 
228.30 
232.20 
247.10 
242.50 
219.20 
242.30 
217.20 
236.70 
257.00 
217.10 
250.70 
260.60 
263.60 
241.60 
198.90 
211.60 
229.30 
221.10 
247.70 
217.80 
280.70 
203.90 
253.40 
218.70 
249.70 
227.70 
273.80 
224.60 
226.70 
229.10 
209.20 
263.70 
211.20 
224.10 
223.10 
207.00 
276.10 
291.70 
240.20 
170.80 
215.60 
260.20 
291.40 
244.20 
233.10 
233.00 
262.60 
204.90 
251.50 
274.00 
209.60 
233.10 
219.80 
225.10 
210.40 
257.80 
218.20 
252.80 
253.60 
253.30 
230.30 
236.10 
272.70 
235.20 
191.90 
296.40 
215.70 
280.50 
173.20 
228.10 
225.50 
237.20 
211.90 
225.90 
274.00 
205.30 
200.60 
250.30 
284.60 
236.20 
235.40 
261.00 
245.70 
200.70
224.10
301.90
266.30
301.40
244.20
301.50
234.30
229.50
213.40
228.00
235.50
269.80
289.60
272.70
