456.10 
630.60 
261.00 
701.40 
499.30 
533.70 
562.00 
421.60 
686.20 
505.50 
481.90 
428.50 
509.30 
373.60 
291.00 
447.40 
433.10 
370.80 
352.30 
586.70 
377.80 
374.60 
353.00 
438.40 
517.30 
386.20 
540.50 
383.20 
714.20 
485.70 
301.00 
358.20 
759.20 
327.70 
589.30 
364.70 
421.30 
374.80 
516.80 
649.50 
402.60 
308.50 
340.90 
575.70 
285.40 
802.90 
406.70 
592.10 
317.30 
538.20 
484.10 
719.10 
316.70 
528.80 
383.70 
362.80 
396.40 
425.20 
264.80 
635.80 
682.70 
413.00 
329.40 
353.30 
598.70 
552.70 
474.80 
382.90 
419.00 
691.50 
401.70 
409.70 
524.80 
383.70 
345.20 
545.50 
485.90 
540.90 
369.90 
336.30 
492.40 
513.70 
843.90 
464.60 
464.80 
514.70 
220.80 
607.20 
829.20 
335.00 
381.20 
562.60 
479.30 
463.90 
536.50 
524.50 
438.00 
371.80 
835.90 
295.40 
