625.50 
599.40 
368.40 
565.50 
485.30 
314.90 
460.80 
336.50 
637.00 
530.60 
457.90 
554.00 
418.00 
447.90 
470.10 
343.30 
395.60 
462.60 
397.60 
491.10 
385.30 
520.40 
615.70 
454.20 
341.90 
268.40 
730.90 
511.30 
494.50 
501.50 
429.60 
363.90 
458.30 
462.80 
375.40 
659.10 
560.20 
355.90 
370.70 
433.80 
475.50 
393.30 
459.30 
336.20 
567.80 
335.70 
477.60 
642.20 
448.60 
486.10 
563.70 
481.50 
376.10 
436.80 
593.70 
675.90 
510.10 
422.70 
642.90 
408.40 
372.60 
430.40 
491.30 
516.80 
339.30 
499.50 
699.40 
479.90 
584.00 
437.20 
329.00 
545.30 
502.50 
502.60 
359.40 
373.50 
380.10 
410.10 
494.10 
584.30 
292.20 
558.40 
475.40 
470.60 
419.90 
571.20 
378.10 
408.40 
428.10 
460.90 
407.10 
540.00 
656.80 
459.90 
578.00 
562.50 
504.00 
487.80 
473.20 
295.20 
