270.50 
257.30 
246.20 
241.00 
177.30 
268.30 
246.00 
239.30 
201.20 
340.60 
241.40 
204.70 
344.50 
250.30 
243.90 
294.80 
296.50 
269.60 
210.40 
261.90 
257.30 
208.40 
197.30 
267.20 
213.70 
261.80 
296.10 
268.20 
255.20 
243.00 
226.70 
187.70 
277.10 
268.00 
238.50 
281.40 
287.20 
355.20 
288.60 
268.70 
237.10 
347.30 
274.50 
254.20 
233.20 
250.90 
284.20 
355.10 
269.80 
291.10 
339.40 
299.30 
272.90 
216.30 
281.20 
251.90 
277.20 
246.30 
256.30 
223.40 
252.20 
340.70 
267.10 
309.00 
226.70 
257.60 
243.00 
233.00 
360.10 
293.80 
326.90 
272.30 
331.90 
222.30 
241.30 
252.50 
254.00 
234.80 
251.40 
259.40 
246.00 
299.20 
224.60 
233.00 
244.40 
246.50 
329.90 
276.10 
230.60 
332.70 
244.60 
377.70 
229.70 
245.30 
204.20 
270.40 
215.60 
219.30 
274.80 
251.90 
