594.60 
458.20 
495.90 
709.00 
337.60 
678.50 
540.20 
373.50 
373.60 
581.40 
426.90 
431.40 
437.90 
843.50 
433.00 
345.50 
613.70 
386.30 
445.60 
578.00 
517.10 
411.10 
813.60 
572.70 
297.70 
452.30 
499.70 
242.80 
510.60 
617.90 
439.10 
544.20 
435.00 
414.90 
694.40 
527.70 
447.90 
476.80 
678.80 
330.70 
432.30 
469.10 
257.50 
301.00 
296.80 
321.90 
706.70 
370.20 
297.80 
273.90 
360.30 
450.60 
561.30 
274.40 
301.80 
442.30 
618.10 
295.60 
421.20 
377.20 
425.80 
428.30 
642.60 
352.50 
376.10 
414.80 
386.90 
445.10 
424.40 
433.60 
465.90 
527.90 
255.70 
421.80 
373.50 
359.80 
551.00 
470.90 
347.20 
415.50 
605.20 
530.50 
372.50 
372.40 
313.90 
321.70 
580.30 
511.00 
708.00 
359.80 
564.10 
800.20 
558.30 
540.10 
432.30 
740.30 
453.50 
552.00 
315.80 
298.80 
