319.40 
320.10 
345.10 
351.80 
397.20 
324.00 
330.20 
259.00 
274.30 
245.60 
382.10 
343.70 
302.00 
290.40 
448.60 
354.20 
280.40 
335.30 
333.00 
253.20 
316.60 
368.50 
371.60 
320.80 
261.70 
331.90 
275.60 
274.30 
280.40 
327.80 
272.10 
303.60 
379.90 
321.80 
319.60 
296.80 
329.70 
293.50 
228.60 
364.40 
287.30 
259.70 
382.70 
405.50 
291.60 
240.00 
429.70 
315.40 
270.80 
338.80 
342.00 
488.70 
330.20 
313.90 
219.00 
262.00 
246.00 
350.40 
350.60 
270.90 
329.60 
244.50 
321.90 
348.20 
408.10 
284.10 
299.10 
319.60 
237.70 
330.50 
241.70 
351.60 
215.40 
226.90 
320.10 
317.80 
381.60 
311.90 
331.40 
265.60 
376.40 
351.90 
229.50 
333.60 
292.20 
309.10 
336.60 
202.60 
337.20 
248.40 
293.90 
287.50 
330.00 
244.00 
275.20 
428.30 
404.10 
268.20 
229.70 
334.00 
