214.90 
213.40 
241.70 
234.80 
284.70 
249.40 
267.30 
233.70 
259.40 
206.70 
318.80 
224.20 
265.00 
236.20 
204.80 
223.00 
263.60 
225.90 
252.90 
186.70 
220.90 
197.10 
250.30 
278.70 
258.30 
231.30 
215.20 
224.60 
275.60 
204.60 
230.20 
223.20 
252.30 
239.40 
278.30 
241.20 
207.40 
201.80 
246.90 
228.10 
197.50 
235.70 
222.20 
186.70 
248.90 
254.00 
260.00 
242.90 
252.10 
236.10 
216.00 
197.90 
195.00 
242.50 
231.30 
298.70 
252.50 
295.00 
237.90 
217.80 
216.50 
256.30 
221.10 
237.20 
216.20 
196.40 
271.90 
219.60 
290.10 
240.10 
276.10 
235.90 
255.10 
222.10 
255.70 
223.80 
278.00 
267.20 
192.60 
247.30 
223.80 
246.60 
228.50 
226.70 
235.00 
230.30 
276.30 
252.90 
212.20 
220.90 
237.40 
229.30 
241.60 
259.40 
215.10 
240.20 
235.20 
250.20 
223.70 
181.20 
