192.80 
246.70 
226.70 
203.40 
212.00 
208.20 
203.00 
212.60 
228.30 
220.60 
263.60 
303.70 
254.10 
224.70 
283.70 
258.20 
239.00 
263.70 
262.60 
203.00 
213.60 
232.80 
178.70 
194.90 
218.60 
228.30 
190.90 
266.60 
213.50 
229.80 
251.10 
292.50 
193.20 
206.40 
221.60 
231.60 
243.20 
218.80 
229.80 
236.00 
176.90 
291.20 
200.30 
239.10 
190.70 
278.60 
305.40 
248.50 
261.70 
219.90 
241.70 
241.50 
223.50 
223.30 
297.20 
190.80 
231.70 
225.40 
223.70 
203.20 
250.60 
245.50 
217.30 
200.60 
214.80 
191.80 
191.00 
226.90 
296.50 
275.80 
189.90 
221.10 
293.40 
207.90 
199.60 
249.70 
208.60 
243.10 
196.60 
174.50 
230.20 
237.40 
186.30 
206.40 
247.40 
215.40 
235.10 
284.70 
231.50 
244.70 
180.10 
211.80 
247.80 
239.40 
277.40 
214.70 
297.60 
277.40 
215.50 
221.20 
