372.70 
375.00 
374.60 
507.10 
570.40 
623.40 
359.80 
458.80 
708.90 
398.00 
559.30 
459.10 
646.00 
279.20 
507.60 
484.40 
303.90 
465.50 
314.40 
596.10 
370.60 
547.80 
618.30 
304.80 
491.80 
397.10 
549.80 
360.30 
507.30 
622.20 
437.20 
426.10 
447.10 
433.30 
515.50 
567.20 
369.20 
750.00 
449.30 
446.80 
481.40 
492.70 
567.40 
534.20 
441.20 
365.80 
445.10 
343.50 
474.10 
598.40 
712.80 
462.00 
479.80 
280.50 
398.70 
492.60 
443.50 
431.50 
603.60 
332.40 
444.70 
348.70 
280.30 
627.90 
333.00 
381.00 
630.80 
430.30 
409.20 
531.60 
718.10 
375.00 
457.40 
374.00 
401.00 
460.30 
380.80 
323.80 
783.50 
543.40 
456.20 
437.70 
542.80 
601.70 
527.30 
370.10 
360.70 
382.30 
728.70 
685.30 
431.10 
569.40 
509.30 
255.70 
686.90 
380.60 
447.50 
402.60 
475.20 
482.50 
