315.60 
242.40 
215.20 
257.00 
260.80 
271.00 
268.70 
338.50 
459.00 
217.80 
244.20 
337.60 
377.90 
259.20 
321.60 
371.40 
285.70 
340.50 
382.00 
278.80 
302.80 
247.00 
284.10 
328.10 
309.10 
241.10 
241.10 
333.30 
355.50 
388.20 
339.20 
301.30 
262.00 
375.30 
290.10 
301.60 
363.60 
310.20 
244.30 
315.50 
481.80 
288.40 
314.80 
352.50 
364.30 
348.20 
297.80 
276.40 
246.30 
269.60 
323.60 
300.30 
248.20 
280.30 
244.20 
474.90 
233.20 
306.30 
229.60 
332.90 
262.50 
272.60 
426.20 
432.20 
356.90 
264.00 
370.70 
240.10 
340.00 
417.70 
340.30 
472.10 
318.40 
396.60 
415.50 
276.20 
314.50 
283.40 
210.30 
306.40 
262.70 
252.40 
372.60 
357.50 
348.20 
228.80 
259.40 
302.90 
356.30 
321.60 
268.00 
353.60 
298.10 
332.20 
321.60 
355.00 
310.20 
253.20 
252.70 
291.80 
