766.60 
628.60 
744.50 
753.10 
1032.00 
1165.60 
851.80 
782.90 
742.60 
517.70 
446.20 
1535.20 
485.60 
1003.80 
626.90 
1004.00 
349.10 
1112.70 
654.70 
799.90 
1012.50 
1013.70 
466.10 
1119.90 
603.10 
1264.10 
801.00 
537.00 
610.70 
651.90 
548.40 
911.90 
621.70 
647.80 
970.10 
775.30 
750.90 
1575.30 
1108.00 
1149.80 
514.50 
574.90 
488.70 
738.80 
1576.60 
1248.50 
735.20 
631.60 
1676.40 
752.40 
513.10 
635.00 
677.30 
673.00 
881.20 
823.80 
926.20 
512.60 
684.90 
600.10 
990.80 
621.30 
1515.30 
1115.70 
543.10 
708.50 
663.00 
863.50 
1229.70 
817.70 
926.60 
788.90 
1353.70 
1280.30 
859.10 
452.10 
1100.10 
1624.80 
448.20 
1247.90 
1004.40 
732.90 
987.20 
2149.40 
467.60 
708.10 
892.30 
794.30 
1784.70 
883.80 
1541.70 
934.60 
1985.30 
762.00 
1342.10 
586.30 
557.60 
848.20 
1742.10 
775.40 
