337.20 
363.50 
307.50 
341.90 
270.10 
400.50 
329.10 
345.40 
333.30 
389.50 
379.70 
317.10 
260.00 
379.80 
494.60 
381.60 
395.50 
376.70 
327.50 
337.90 
383.80 
424.80 
353.00 
381.10 
383.60 
370.50 
443.40 
305.50 
342.00 
393.00 
393.60 
488.90 
329.90 
420.70 
449.20 
447.60 
282.20 
351.60 
366.10 
379.00 
363.40 
318.80 
386.10 
386.30 
415.10 
336.60 
412.30 
382.40 
507.00 
394.60 
323.80 
452.00 
295.10 
298.80 
273.60 
479.60 
346.50 
243.20 
416.20 
360.00 
306.10 
325.70 
351.70 
412.40 
387.20 
458.50 
287.60 
388.90 
297.10 
325.20 
276.60 
399.60 
310.00 
451.60 
449.30 
563.90 
342.80 
352.40 
347.70 
401.00 
564.20 
397.60 
333.50 
341.60 
265.20 
308.70 
291.30 
316.80 
360.50 
330.60 
285.10 
446.60 
319.50 
403.90 
271.80 
765.50 
411.70 
407.60 
435.50 
496.10 
