281.00 
213.30 
251.50 
262.70 
514.20 
287.00 
289.40 
364.00 
301.80 
233.90 
262.60 
290.50 
308.00 
261.00 
308.30 
445.60 
266.50 
246.00 
247.90 
321.50 
501.70 
265.20 
274.70 
299.80 
445.80 
324.60 
359.70 
285.40 
301.50 
304.10 
416.40 
363.70 
394.50 
373.50 
280.50 
382.30 
326.90 
298.30 
365.80 
299.60 
322.20 
308.40 
242.30 
315.90 
270.60 
297.00 
308.00 
356.30 
393.80 
258.80 
286.90 
306.00 
258.30 
415.80 
297.30 
346.30 
321.00 
299.00 
229.70 
274.80 
257.90 
341.60 
399.50 
495.00 
277.40 
345.30 
291.90 
265.70 
362.10 
274.70 
292.00 
258.00 
251.40 
344.40 
341.00 
411.60 
271.00 
244.70 
326.70 
250.60 
213.90 
348.90 
328.50 
282.10 
373.40 
361.30 
251.10 
251.50 
287.00 
290.50 
382.30 
270.60 
393.80 
301.80 
312.50 
272.10 
243.80 
330.50 
363.20 
294.70 
